<?xml version="1.0" encoding="UTF-8" standalone="no" ?>
<SimscapeMultibodyImportXML version="2.0" xmlns="urn:mathworks:SimscapeMultibody:import" xmlns:xsi="http://www.w3.org/2001/XMLSchema-instance">
<Created by="" on="09/20/22||15:32:48" using="Simscape Multibody Link Version 6.1" from="SolidWorks 28.0.0"/>
<ModelUnits mass="kilogram" length="millimeter"/>
<DataUnits mass="kilogram" length="meter"/>
<RootAssembly name="Mo_hinh" uid="Mo_hinh" version="146">
<AssemblyFile name="Mo_hinh.SLDASM" type="SolidWorks Assembly"/>
<InstanceTree>
<Instance name="wheel-2" uid="wheel-2" entityUid="wheel" rigid="true">
<Transform>
<Rotation>-3.4914813388431334e-15 -1 0 1 -3.4914813388431334e-15 0 0 0 1</Rotation>
<Translation>0.093180913219069017 -0.29433230727005111 -0.098934530072967306</Translation>
</Transform>
<Instance name="M3 x 0.5mm Thread 3mm-1" uid="M3 x 0.5mm Thread 3mm-1" entityUid="M3 x 0.5mm Thread 3mm*:*Default">
<Transform>
<Rotation>0.96188110265624216 0.27346799511608599 0 0 0 1 0.27346799511608599 -0.96188110265624216 0</Rotation>
<Translation>-0.017682488597345336 -0.01101953466919478 0.018000000000000002</Translation>
</Transform>
</Instance>
<Instance name="65mm tire_Default_sldprt.step-1" uid="65mm tire_Default_sldprt.step-1" entityUid="65mm tire_Default_sldprt.step*:*Default">
<Transform>
<Rotation>-0.99674397608408671 -0.080631545564288143 0 0 0 -1 0.080631545564288143 -0.99674397608408671 0</Rotation>
<Translation>-0.017682488597345281 -0.007819534669194772 0.018000000000000002</Translation>
</Transform>
</Instance>
<Instance name="blue_wheel_frame_Default_sldprt.step-1" uid="blue_wheel_frame_Default_sldprt.step-1" entityUid="blue_wheel_frame_Default_sldprt.step*:*Default">
<Transform>
<Rotation>0 -0.86602540378443593 0.500000000000005 1 0 0 0 0.500000000000005 0.86602540378443593</Rotation>
<Translation>-0.017682488597345281 -0.007819534669194772 0.018000000000000002</Translation>
</Transform>
</Instance>
<Instance name="motor_shaft_coupling_v3-1" uid="motor_shaft_coupling_v3-1" grounded="true" entityUid="motor_shaft_coupling_v3*:*Default">
<Transform>
<Rotation>1 0 0 0 1 0 0 0 1</Rotation>
<Translation>-0.017682488597345392 -0.012319534669194776 0.017999999999999988</Translation>
</Transform>
</Instance>
</Instance>
<Instance name="wheel-1" uid="wheel-1" entityUid="wheel" rigid="true">
<Transform>
<Rotation>-3.5122275269625446e-16 1 0 0.97441269443728273 3.5357979824507218e-16 0.22476632514563855 0.22476632514563855 0 -0.97441269443728273</Rotation>
<Translation>-0.098380017442542794 -0.29883054836152334 -0.059420673591637857</Translation>
</Transform>
<Instance name="M3 x 0.5mm Thread 3mm-1" uid="M3 x 0.5mm Thread 3mm-1" entityUid="M3 x 0.5mm Thread 3mm*:*Default">
<Transform>
<Rotation>0.96188110265624238 0.2734679951160861 0 0 0 1 0.2734679951160861 -0.96188110265624238 0</Rotation>
<Translation>-0.017682488597345336 -0.011019534669194767 0.018000000000000002</Translation>
</Transform>
</Instance>
<Instance name="65mm tire_Default_sldprt.step-1" uid="65mm tire_Default_sldprt.step-1" entityUid="65mm tire_Default_sldprt.step*:*Default">
<Transform>
<Rotation>-0.9967439760840866 -0.080631545564288115 0 0 0 -0.99999999999999989 0.080631545564288115 -0.9967439760840866 0</Rotation>
<Translation>-0.017682488597345336 -0.007819534669194772 0.017999999999999988</Translation>
</Transform>
</Instance>
<Instance name="blue_wheel_frame_Default_sldprt.step-1" uid="blue_wheel_frame_Default_sldprt.step-1" entityUid="blue_wheel_frame_Default_sldprt.step*:*Default">
<Transform>
<Rotation>0 -0.86602540378443582 0.500000000000005 1 0 0 0 0.500000000000005 0.86602540378443582</Rotation>
<Translation>-0.017682488597345336 -0.007819534669194772 0.018000000000000002</Translation>
</Transform>
</Instance>
<Instance name="motor_shaft_coupling_v3-1" uid="motor_shaft_coupling_v3-1" grounded="true" entityUid="motor_shaft_coupling_v3*:*Default">
<Transform>
<Rotation>1 0 0 0 1 0 0 0 1</Rotation>
<Translation>-0.017682488597345336 -0.012319534669194762 0.018000000000000002</Translation>
</Transform>
</Instance>
</Instance>
<Instance name="Floor_3-1" uid="Floor_3-1" grounded="true" entityUid="Floor_3" rigid="true">
<Transform>
<Rotation>1 0 0 0 1 0 0 0 1</Rotation>
<Translation>0.1172206509989184 -0.10028462574239813 -0.036066539891043269</Translation>
</Transform>
<Instance name="M3 NUT_Default_sldprt.step-3" uid="M3 NUT_Default_sldprt.step-3" entityUid="M3 NUT_Default_sldprt.step*:*Default">
<Transform>
<Rotation>-0.2648045872663326 0 -0.96430209507327502 0.96430209507327502 0 -0.2648045872663326 0 -1 0</Rotation>
<Translation>-0.19482020311065576 -0.1717301701249995 -0.0098679901819209714</Translation>
</Transform>
</Instance>
<Instance name="JGB37-520_with_encoder-2" uid="JGB37-520_with_encoder-2" entityUid="JGB37-520_with_encoder" rigid="true">
<Transform>
<Rotation>-3.535797932077138e-16 0 -0.99999999999999978 1 1.3988810110276972e-14 -3.5357979320771345e-16 1.3877787807814457e-14 -1 0</Rotation>
<Translation>-0.20282020311065593 -0.21173017012499964 -0.037867990181920975</Translation>
</Transform>
<Instance name="CONNECTION, DC MOTOR, JGB37-520-1-1" uid="CONNECTION, DC MOTOR, JGB37-520-1-1" grounded="true" entityUid="CONNECTION, DC MOTOR, JGB37-520-1*:*Default">
<Transform>
<Rotation>1 7.0939849801487824e-15 0 7.0939849801487824e-15 -1 0 0 0 -1</Rotation>
<Translation>0 -0.012799999999999999 -0.050249999999999968</Translation>
</Transform>
</Instance>
<Instance name="PLASTIC COVER, DC MOTOR, JGB37-520-1-1" uid="PLASTIC COVER, DC MOTOR, JGB37-520-1-1" grounded="true" entityUid="PLASTIC COVER, DC MOTOR, JGB37-520-1*:*Default">
<Transform>
<Rotation>1 0 0 0 1 0 0 0 1</Rotation>
<Translation>0 0 -0.048499999999999974</Translation>
</Transform>
</Instance>
<Instance name="MOTOR SHAFT, JGB37-520-1-1" uid="MOTOR SHAFT, JGB37-520-1-1" grounded="true" entityUid="MOTOR SHAFT, JGB37-520-1*:*Default">
<Transform>
<Rotation>-0.94250554661510455 -0.33419050644768894 0 0.33419050644768894 -0.94250554661510455 0 0 0 0.99999999999999978</Rotation>
<Translation>0 0.0070000000000000062 0</Translation>
</Transform>
</Instance>
<Instance name="pan cross head_am(B18.6.7M - M2 x 0.4 x 25 Type I Cross Recessed PHMS --25N)-2" uid="pan cross head_am(B18.6.7M - M2 x 0.4 x 25 Type I Cross Recessed PHMS --25N)-2" grounded="true" entityUid="pan cross head_am(B18.6.7M - M2 x 0.4 x 25 Type I Cross Recessed PHMS --25N)*:*Default">
<Transform>
<Rotation>0 -0.80185760513815429 0.59751517226100936 0 0.59751517226100936 0.80185760513815429 -1 0 0</Rotation>
<Translation>0.013423393758658753 0.0077500000000000624 0</Translation>
</Transform>
</Instance>
<Instance name="pan cross head_am(B18.6.7M - M2 x 0.4 x 25 Type I Cross Recessed PHMS --25N)-1" uid="pan cross head_am(B18.6.7M - M2 x 0.4 x 25 Type I Cross Recessed PHMS --25N)-1" grounded="true" entityUid="pan cross head_am(B18.6.7M - M2 x 0.4 x 25 Type I Cross Recessed PHMS --25N)*:*Default">
<Transform>
<Rotation>0 0.91839212089374811 0.39567147013688408 0 0.39567147013688408 -0.91839212089374811 -1 0 0</Rotation>
<Translation>0 -0.015499999999999993 0</Translation>
</Transform>
</Instance>
<Instance name="DC MOTOR, JGB37-520-1-1" uid="DC MOTOR, JGB37-520-1-1" grounded="true" entityUid="DC MOTOR, JGB37-520-1*:*Default">
<Transform>
<Rotation>-1 0 0 0 -1 0 0 0 1</Rotation>
<Translation>0 0 -0.028999999999999991</Translation>
</Transform>
</Instance>
<Instance name="SHAFT COUPLER, JGB37-520-1-1" uid="SHAFT COUPLER, JGB37-520-1-1" grounded="true" entityUid="SHAFT COUPLER, JGB37-520-1*:*Default">
<Transform>
<Rotation>0.63178652509498823 -0.77514242994974791 0 0.7751424299497478 0.63178652509498823 0 0 0 0.99999999999999989</Rotation>
<Translation>0 0.0070000000000000062 0</Translation>
</Transform>
</Instance>
<Instance name="CONNECTION, DC MOTOR, JGB37-520-1-2" uid="CONNECTION, DC MOTOR, JGB37-520-1-2" grounded="true" entityUid="CONNECTION, DC MOTOR, JGB37-520-1*:*Default">
<Transform>
<Rotation>-1 -1.1102230246251565e-16 0 -1.1102230246251565e-16 1 0 0 0 -1</Rotation>
<Translation>0 0.012800000000000006 -0.050249999999999968</Translation>
</Transform>
</Instance>
<Instance name="pan cross head_am(B18.6.7M - M2 x 0.4 x 25 Type I Cross Recessed PHMS --25N)-3" uid="pan cross head_am(B18.6.7M - M2 x 0.4 x 25 Type I Cross Recessed PHMS --25N)-3" grounded="true" entityUid="pan cross head_am(B18.6.7M - M2 x 0.4 x 25 Type I Cross Recessed PHMS --25N)*:*Default">
<Transform>
<Rotation>0 -0.11653451575560131 -0.99318664239789667 0 -0.99318664239789667 0.11653451575560131 -1 0 0</Rotation>
<Translation>-0.013423393758658753 0.0077500000000000624 0</Translation>
</Transform>
</Instance>
<Instance name="GEARED BODY, MOTOR, JGB37-520-1-1" uid="GEARED BODY, MOTOR, JGB37-520-1-1" grounded="true" entityUid="GEARED BODY, MOTOR, JGB37-520-1*:*Default">
<Transform>
<Rotation>1 0 0 0 1 0 0 0 1</Rotation>
<Translation>0 0 0</Translation>
</Transform>
</Instance>
<Instance name="COUPLING BRACKET, GEARED BODY TO DC MOTOR, JGB37-520-1-1" uid="COUPLING BRACKET, GEARED BODY TO DC MOTOR, JGB37-520-1-1" grounded="true" entityUid="COUPLING BRACKET, GEARED BODY TO DC MOTOR, JGB37-520-1*:*Default">
<Transform>
<Rotation>1 0 0 0 1 0 0 0 1</Rotation>
<Translation>0 0 -0.024999999999999994</Translation>
</Transform>
</Instance>
</Instance>
<Instance name="Part3-1" uid="Part3-1" grounded="true" entityUid="Part3*:*Default">
<Transform>
<Rotation>1 0 0 0 1 0 0 0 1</Rotation>
<Translation>-0.11982020311065582 -0.21173017012499953 -0.0098679901819209714</Translation>
</Transform>
<VisualProperties>
<Ambient r="0.792156862745098" g="0.81960784313725488" b="0.93333333333333335" a="1"/>
<Diffuse r="0.792156862745098" g="0.81960784313725488" b="0.93333333333333335" a="1"/>
<Specular r="0.396078431372549" g="0.40980392156862744" b="0.46666666666666667" a="1"/>
<Emissive r="0" g="0" b="0" a="1"/>
<Shininess>0.40000000596046448</Shininess>
</VisualProperties>
</Instance>
<Instance name="37 mm DC Geared Motor Mounting Bracket-1" uid="37 mm DC Geared Motor Mounting Bracket-1" entityUid="37 mm DC Geared Motor Mounting Bracket*:*Default">
<Transform>
<Rotation>1 0 -3.6082248300317588e-16 3.6082248300317588e-16 0 1 0 -0.99999999999999989 0</Rotation>
<Translation>-0.20432020311065582 -0.21173017012499953 -0.037867990181921003</Translation>
</Transform>
</Instance>
<Instance name="37 mm DC Geared Motor Mounting Bracket-2" uid="37 mm DC Geared Motor Mounting Bracket-2" entityUid="37 mm DC Geared Motor Mounting Bracket*:*Default">
<Transform>
<Rotation>-1 0 5.8286708792820718e-16 -5.8286708792820718e-16 0 -1 0 -0.99999999999999967 0</Rotation>
<Translation>-0.035320203110655798 -0.21173017012499953 -0.037867990181921017</Translation>
</Transform>
</Instance>
<Instance name="M3 NUT_Default_sldprt.step-2" uid="M3 NUT_Default_sldprt.step-2" entityUid="M3 NUT_Default_sldprt.step*:*Default">
<Transform>
<Rotation>0.33549940203115214 0 -0.94204041910989122 0.94204041910989122 0 0.33549940203115214 0 -1 0</Rotation>
<Translation>-0.044820203110655821 -0.25173017012499943 -0.0098679901819209714</Translation>
</Transform>
</Instance>
<Instance name="M3 NUT_Default_sldprt.step-1" uid="M3 NUT_Default_sldprt.step-1" entityUid="M3 NUT_Default_sldprt.step*:*Default">
<Transform>
<Rotation>-0.99219272488928401 0 -0.12471405965959852 0.12471405965959852 0 -0.99219272488928401 0 -1 0</Rotation>
<Translation>-0.044820203110655821 -0.17173017012499955 -0.0098679901819209714</Translation>
</Transform>
</Instance>
<Instance name="JGB37-520_with_encoder-1" uid="JGB37-520_with_encoder-1" entityUid="JGB37-520_with_encoder" rigid="true">
<Transform>
<Rotation>-5.7912033416564132e-16 0 0.99999999999999978 -0.99999999999999989 -7.716050021144838e-15 -5.7912033416564171e-16 7.716050021144838e-15 -0.99999999999999989 0</Rotation>
<Translation>-0.036820203110655841 -0.21173017012499942 -0.037867990181921128</Translation>
</Transform>
<Instance name="CONNECTION, DC MOTOR, JGB37-520-1-1" uid="CONNECTION, DC MOTOR, JGB37-520-1-1" grounded="true" entityUid="CONNECTION, DC MOTOR, JGB37-520-1*:*Default">
<Transform>
<Rotation>1 6.9829626776862659e-15 0 6.9829626776862659e-15 -1 0 0 0 -1</Rotation>
<Translation>0 -0.012799999999999992 -0.050249999999999961</Translation>
</Transform>
</Instance>
<Instance name="PLASTIC COVER, DC MOTOR, JGB37-520-1-1" uid="PLASTIC COVER, DC MOTOR, JGB37-520-1-1" grounded="true" entityUid="PLASTIC COVER, DC MOTOR, JGB37-520-1*:*Default">
<Transform>
<Rotation>1 0 0 0 1 0 0 0 1</Rotation>
<Translation>0 0 -0.048499999999999967</Translation>
</Transform>
</Instance>
<Instance name="MOTOR SHAFT, JGB37-520-1-1" uid="MOTOR SHAFT, JGB37-520-1-1" grounded="true" entityUid="MOTOR SHAFT, JGB37-520-1*:*Default">
<Transform>
<Rotation>-0.94250554661510455 -0.334190506447689 0 0.334190506447689 -0.94250554661510455 0 0 0 0.99999999999999989</Rotation>
<Translation>0 0.0069999999999999923 0</Translation>
</Transform>
</Instance>
<Instance name="pan cross head_am(B18.6.7M - M2 x 0.4 x 25 Type I Cross Recessed PHMS --25N)-2" uid="pan cross head_am(B18.6.7M - M2 x 0.4 x 25 Type I Cross Recessed PHMS --25N)-2" grounded="true" entityUid="pan cross head_am(B18.6.7M - M2 x 0.4 x 25 Type I Cross Recessed PHMS --25N)*:*Default">
<Transform>
<Rotation>0 -0.80185760513815429 0.59751517226100936 0 0.59751517226100936 0.80185760513815429 -0.99999999999999978 0 0</Rotation>
<Translation>0.013423393758658753 0.0077500000000000624 0</Translation>
</Transform>
</Instance>
<Instance name="pan cross head_am(B18.6.7M - M2 x 0.4 x 25 Type I Cross Recessed PHMS --25N)-1" uid="pan cross head_am(B18.6.7M - M2 x 0.4 x 25 Type I Cross Recessed PHMS --25N)-1" grounded="true" entityUid="pan cross head_am(B18.6.7M - M2 x 0.4 x 25 Type I Cross Recessed PHMS --25N)*:*Default">
<Transform>
<Rotation>0 0.91839212089374811 0.39567147013688408 0 0.39567147013688408 -0.91839212089374811 -0.99999999999999978 0 0</Rotation>
<Translation>0 -0.015499999999999993 0</Translation>
</Transform>
</Instance>
<Instance name="DC MOTOR, JGB37-520-1-1" uid="DC MOTOR, JGB37-520-1-1" grounded="true" entityUid="DC MOTOR, JGB37-520-1*:*Default">
<Transform>
<Rotation>-1 -1.1102230246251568e-16 0 1.1102230246251568e-16 -1 0 0 0 1</Rotation>
<Translation>0 0 -0.028999999999999984</Translation>
</Transform>
</Instance>
<Instance name="SHAFT COUPLER, JGB37-520-1-1" uid="SHAFT COUPLER, JGB37-520-1-1" grounded="true" entityUid="SHAFT COUPLER, JGB37-520-1*:*Default">
<Transform>
<Rotation>0.63178652509498812 -0.7751424299497478 0 0.7751424299497478 0.63178652509498812 0 0 0 0.99999999999999978</Rotation>
<Translation>0 0.0069999999999999923 0</Translation>
</Transform>
</Instance>
<Instance name="CONNECTION, DC MOTOR, JGB37-520-1-2" uid="CONNECTION, DC MOTOR, JGB37-520-1-2" grounded="true" entityUid="CONNECTION, DC MOTOR, JGB37-520-1*:*Default">
<Transform>
<Rotation>-1 0 0 0 1 0 0 0 -1</Rotation>
<Translation>0 0.012799999999999992 -0.050249999999999961</Translation>
</Transform>
</Instance>
<Instance name="pan cross head_am(B18.6.7M - M2 x 0.4 x 25 Type I Cross Recessed PHMS --25N)-3" uid="pan cross head_am(B18.6.7M - M2 x 0.4 x 25 Type I Cross Recessed PHMS --25N)-3" grounded="true" entityUid="pan cross head_am(B18.6.7M - M2 x 0.4 x 25 Type I Cross Recessed PHMS --25N)*:*Default">
<Transform>
<Rotation>0 -0.1165345157556012 -0.99318664239789667 0 -0.99318664239789667 0.1165345157556012 -1 0 0</Rotation>
<Translation>-0.013423393758658753 0.0077500000000000624 0</Translation>
</Transform>
</Instance>
<Instance name="GEARED BODY, MOTOR, JGB37-520-1-1" uid="GEARED BODY, MOTOR, JGB37-520-1-1" grounded="true" entityUid="GEARED BODY, MOTOR, JGB37-520-1*:*Default">
<Transform>
<Rotation>1 0 0 0 1 0 0 0 1</Rotation>
<Translation>0 0 0</Translation>
</Transform>
</Instance>
<Instance name="COUPLING BRACKET, GEARED BODY TO DC MOTOR, JGB37-520-1-1" uid="COUPLING BRACKET, GEARED BODY TO DC MOTOR, JGB37-520-1-1" grounded="true" entityUid="COUPLING BRACKET, GEARED BODY TO DC MOTOR, JGB37-520-1*:*Default">
<Transform>
<Rotation>1 0 0 0 1 0 0 0 1</Rotation>
<Translation>0 0 -0.024999999999999988</Translation>
</Transform>
</Instance>
</Instance>
<Instance name="M3 x 0.5mm Thread 3mm_v2LONG SOCKET HEAD CAP SCREW-8" uid="M3 x 0.5mm Thread 3mm_v2LONG SOCKET HEAD CAP SCREW-8" entityUid="M3 x 0.5mm Thread 3mm_v2LONG SOCKET HEAD CAP SCREW*:*Default">
<Transform>
<Rotation>0 5.8269638232083385e-16 -1 -0.024200387739512774 -0.99970712772954529 -5.828670879282482e-16 -0.99970712772954529 0.024200387739512774 0</Rotation>
<Translation>-0.038320203110655801 -0.19623017012499946 -0.037867990181921003</Translation>
</Transform>
</Instance>
<Instance name="M3 NUT_Default_sldprt.step-7" uid="M3 NUT_Default_sldprt.step-7" entityUid="M3 NUT_Default_sldprt.step*:*Default">
<Transform>
<Rotation>0.99332024238078265 0 0.11539019055614365 -0.11539019055614365 0 0.99332024238078265 0 -1 0</Rotation>
<Translation>-0.19532020311065579 -0.22673017012499955 -0.011367990181920994</Translation>
</Transform>
</Instance>
<Instance name="M3 x 0.5mm Thread 3mm_v2LONG SOCKET HEAD CAP SCREW-14" uid="M3 x 0.5mm Thread 3mm_v2LONG SOCKET HEAD CAP SCREW-14" entityUid="M3 x 0.5mm Thread 3mm_v2LONG SOCKET HEAD CAP SCREW*:*Default">
<Transform>
<Rotation>3.7820653394649102e-16 0 1 -0.97002241637412778 0.24301545574653996 3.9047078514587899e-16 -0.24301545574653996 -0.97002241637412778 0</Rotation>
<Translation>-0.20132020311065579 -0.21948017012499946 -0.051291383940579797</Translation>
</Transform>
</Instance>
<Instance name="M3 x 0.5mm Thread 3mm_v2LONG SOCKET HEAD CAP SCREW-1" uid="M3 x 0.5mm Thread 3mm_v2LONG SOCKET HEAD CAP SCREW-1" entityUid="M3 x 0.5mm Thread 3mm_v2LONG SOCKET HEAD CAP SCREW*:*Default">
<Transform>
<Rotation>1.04744440165294e-14 0 -1 0 1 0 1 0 1.04744440165294e-14</Rotation>
<Translation>-0.038320203110656315 -0.22723017012499894 -0.037867990181923973</Translation>
</Transform>
</Instance>
<Instance name="M3 x 0.5mm Thread 3mm_v2LONG SOCKET HEAD CAP SCREW-3" uid="M3 x 0.5mm Thread 3mm_v2LONG SOCKET HEAD CAP SCREW-3" entityUid="M3 x 0.5mm Thread 3mm_v2LONG SOCKET HEAD CAP SCREW*:*Default">
<Transform>
<Rotation>5.8285264572131963e-16 0 -1 -0.99997522212657464 -0.0070395406744864809 -5.828670879282483e-16 -0.0070395406744864809 0.99997522212657464 0</Rotation>
<Translation>-0.038320203110655815 -0.20398017012499939 -0.024444596423262258</Translation>
</Transform>
</Instance>
<Instance name="M3 x 0.5mm Thread 8mm LONG SOCKET HEAD CAP SCREW.step-3" uid="M3 x 0.5mm Thread 8mm LONG SOCKET HEAD CAP SCREW.step-3" entityUid="M3 x 0.5mm Thread 8mm LONG SOCKET HEAD CAP SCREW.step*:*Default">
<Transform>
<Rotation>-0.96279757922532627 0.27022365077441313 0 0.27022365077441313 0.96279757922532627 0 0 0 -1</Rotation>
<Translation>-0.0683202031106558 -0.22673017012499944 -0.014867990181920969</Translation>
</Transform>
</Instance>
<Instance name="M3 x 0.5mm Thread 3mm_v2LONG SOCKET HEAD CAP SCREW-2" uid="M3 x 0.5mm Thread 3mm_v2LONG SOCKET HEAD CAP SCREW-2" entityUid="M3 x 0.5mm Thread 3mm_v2LONG SOCKET HEAD CAP SCREW*:*Default">
<Transform>
<Rotation>5.0297851818140426e-16 -2.9452784662574107e-16 -0.99999999999999978 -0.86293861602168542 0.50530876202434682 -5.8286708792824899e-16 0.50530876202434682 0.86293861602168542 0</Rotation>
<Translation>-0.038320203110655787 -0.21948017012499946 -0.024444596423262098</Translation>
</Transform>
</Instance>
<Instance name="M3 x 0.5mm Thread 3mm_v2LONG SOCKET HEAD CAP SCREW-4" uid="M3 x 0.5mm Thread 3mm_v2LONG SOCKET HEAD CAP SCREW-4" entityUid="M3 x 0.5mm Thread 3mm_v2LONG SOCKET HEAD CAP SCREW*:*Default">
<Transform>
<Rotation>2.9240849724535035e-16 5.042135588504863e-16 -1 -0.50167268542252086 -0.86505752219199628 -5.828670879282485e-16 -0.86505752219199628 0.50167268542252086 0</Rotation>
<Translation>-0.038320203110655787 -0.21948017012499957 -0.051291383940579811</Translation>
</Transform>
</Instance>
<Instance name="M3 x 0.5mm Thread 8mm LONG SOCKET HEAD CAP SCREW.step-7" uid="M3 x 0.5mm Thread 8mm LONG SOCKET HEAD CAP SCREW.step-7" entityUid="M3 x 0.5mm Thread 8mm LONG SOCKET HEAD CAP SCREW.step*:*Default">
<Transform>
<Rotation>-0.96279757922532627 0.27022365077441313 0 0.27022365077441313 0.96279757922532627 0 0 0 -1</Rotation>
<Translation>-0.1953202031106557 -0.22673017012499944 -0.014867990181920969</Translation>
</Transform>
</Instance>
<Instance name="M3 x 0.5mm Thread 8mm LONG SOCKET HEAD CAP SCREW.step-1" uid="M3 x 0.5mm Thread 8mm LONG SOCKET HEAD CAP SCREW.step-1" entityUid="M3 x 0.5mm Thread 8mm LONG SOCKET HEAD CAP SCREW.step*:*Default">
<Transform>
<Rotation>0.84918037316309969 0.52810291973684342 0 0.52810291973684342 -0.84918037316309969 0 0 0 -1</Rotation>
<Translation>-0.044320203110655793 -0.22673017012499955 -0.014867990181920969</Translation>
</Transform>
</Instance>
<Instance name="M3 x 0.5mm Thread 8mm LONG SOCKET HEAD CAP SCREW.step-6" uid="M3 x 0.5mm Thread 8mm LONG SOCKET HEAD CAP SCREW.step-6" entityUid="M3 x 0.5mm Thread 8mm LONG SOCKET HEAD CAP SCREW.step*:*Default">
<Transform>
<Rotation>-0.96279757922532627 0.27022365077441313 0 0.27022365077441313 0.96279757922532627 0 0 0 -1</Rotation>
<Translation>-0.19532020311065573 -0.19673017012499946 -0.014867990181920969</Translation>
</Transform>
</Instance>
<Instance name="M3 NUT_Default_sldprt.step-5" uid="M3 NUT_Default_sldprt.step-5" entityUid="M3 NUT_Default_sldprt.step*:*Default">
<Transform>
<Rotation>-0.583326791783225 0 -0.8122375600696452 0.8122375600696452 0 -0.583326791783225 0 -1 0</Rotation>
<Translation>-0.17132020311065582 -0.19673017012499952 -0.011367990181920966</Translation>
</Transform>
</Instance>
<Instance name="M3 x 0.5mm Thread 3mm_v2LONG SOCKET HEAD CAP SCREW-5" uid="M3 x 0.5mm Thread 3mm_v2LONG SOCKET HEAD CAP SCREW-5" entityUid="M3 x 0.5mm Thread 3mm_v2LONG SOCKET HEAD CAP SCREW*:*Default">
<Transform>
<Rotation>0 5.7984585959950765e-16 -1 0.10168537514934989 -0.99481660846647313 -5.8286708792824899e-16 -0.99481660846647313 -0.10168537514934989 0</Rotation>
<Translation>-0.038320203110655815 -0.2039801701249995 -0.051291383940579839</Translation>
</Transform>
</Instance>
<Instance name="M3 NUT_Default_sldprt.step-6" uid="M3 NUT_Default_sldprt.step-6" entityUid="M3 NUT_Default_sldprt.step*:*Default">
<Transform>
<Rotation>0.92565858810111057 0 -0.37835985288433893 0.37835985288433893 0 0.92565858810111057 0 -1 0</Rotation>
<Translation>-0.19532020311065579 -0.19673017012499952 -0.011367990181920973</Translation>
</Transform>
</Instance>
<Instance name="M3 x 0.5mm Thread 3mm_v2LONG SOCKET HEAD CAP SCREW-10" uid="M3 x 0.5mm Thread 3mm_v2LONG SOCKET HEAD CAP SCREW-10" entityUid="M3 x 0.5mm Thread 3mm_v2LONG SOCKET HEAD CAP SCREW*:*Default">
<Transform>
<Rotation>0 -3.8860598108177946e-16 1.0000000000000002 -0.10168537514935 0.99481660846647313 4.0245584642661925e-16 -0.99481660846647313 -0.10168537514934999 0</Rotation>
<Translation>-0.20132020311065574 -0.19623017012499952 -0.037867990181921003</Translation>
</Transform>
</Instance>
<Instance name="M3 x 0.5mm Thread 3mm_v2LONG SOCKET HEAD CAP SCREW-13" uid="M3 x 0.5mm Thread 3mm_v2LONG SOCKET HEAD CAP SCREW-13" entityUid="M3 x 0.5mm Thread 3mm_v2LONG SOCKET HEAD CAP SCREW*:*Default">
<Transform>
<Rotation>3.7784897873674463e-16 0 0.99999999999999989 -0.96912758860040127 0.2465597635738063 3.9047078514587894e-16 -0.2465597635738063 -0.96912758860040127 0</Rotation>
<Translation>-0.20132020311065579 -0.22723017012499949 -0.037867990181920934</Translation>
</Transform>
</Instance>
<Instance name="M3 x 0.5mm Thread 8mm LONG SOCKET HEAD CAP SCREW.step-5" uid="M3 x 0.5mm Thread 8mm LONG SOCKET HEAD CAP SCREW.step-5" entityUid="M3 x 0.5mm Thread 8mm LONG SOCKET HEAD CAP SCREW.step*:*Default">
<Transform>
<Rotation>-0.87778208137007974 -0.47906013988393015 0 -0.47906013988393015 0.87778208137007974 0 0 0 -1</Rotation>
<Translation>-0.17132020311065582 -0.19673017012499952 -0.014867990181920969</Translation>
</Transform>
</Instance>
<Instance name="M3 x 0.5mm Thread 3mm_v2LONG SOCKET HEAD CAP SCREW-9" uid="M3 x 0.5mm Thread 3mm_v2LONG SOCKET HEAD CAP SCREW-9" entityUid="M3 x 0.5mm Thread 3mm_v2LONG SOCKET HEAD CAP SCREW*:*Default">
<Transform>
<Rotation>0 -3.8860598108177946e-16 1.0000000000000002 -0.10168537514935 0.99481660846647313 4.0245584642661925e-16 -0.99481660846647313 -0.10168537514934999 0</Rotation>
<Translation>-0.20132020311065574 -0.2039801701249995 -0.051291383940579756</Translation>
</Transform>
</Instance>
<Instance name="M3 x 0.5mm Thread 8mm LONG SOCKET HEAD CAP SCREW.step-2" uid="M3 x 0.5mm Thread 8mm LONG SOCKET HEAD CAP SCREW.step-2" entityUid="M3 x 0.5mm Thread 8mm LONG SOCKET HEAD CAP SCREW.step*:*Default">
<Transform>
<Rotation>-0.24553020657207356 -0.9693889403436966 0 -0.9693889403436966 0.24553020657207356 0 0 0 -1</Rotation>
<Translation>-0.044320203110655834 -0.19673017012499952 -0.014867990181920969</Translation>
</Transform>
</Instance>
<Instance name="M3 x 0.5mm Thread 8mm LONG SOCKET HEAD CAP SCREW.step-4" uid="M3 x 0.5mm Thread 8mm LONG SOCKET HEAD CAP SCREW.step-4" entityUid="M3 x 0.5mm Thread 8mm LONG SOCKET HEAD CAP SCREW.step*:*Default">
<Transform>
<Rotation>-0.24553020657207356 -0.9693889403436966 0 -0.9693889403436966 0.24553020657207356 0 0 0 -1</Rotation>
<Translation>-0.068320203110655772 -0.19673017012499952 -0.014867990181920969</Translation>
</Transform>
</Instance>
<Instance name="M3 x 0.5mm Thread 8mm LONG SOCKET HEAD CAP SCREW.step-8" uid="M3 x 0.5mm Thread 8mm LONG SOCKET HEAD CAP SCREW.step-8" entityUid="M3 x 0.5mm Thread 8mm LONG SOCKET HEAD CAP SCREW.step*:*Default">
<Transform>
<Rotation>-0.96279757922532627 0.27022365077441313 0 0.27022365077441313 0.96279757922532627 0 0 0 -1</Rotation>
<Translation>-0.17132020311065577 -0.22673017012499944 -0.014867990181920969</Translation>
</Transform>
</Instance>
<Instance name="M3 x 0.5mm Thread 3mm_v2LONG SOCKET HEAD CAP SCREW-11" uid="M3 x 0.5mm Thread 3mm_v2LONG SOCKET HEAD CAP SCREW-11" entityUid="M3 x 0.5mm Thread 3mm_v2LONG SOCKET HEAD CAP SCREW*:*Default">
<Transform>
<Rotation>0 -3.8860598108177946e-16 1.0000000000000002 -0.10168537514935 0.99481660846647313 4.0245584642661925e-16 -0.99481660846647313 -0.10168537514934999 0</Rotation>
<Translation>-0.20132020311065571 -0.20398017012499961 -0.024444596423262126</Translation>
</Transform>
</Instance>
<Instance name="M3 x 0.5mm Thread 3mm_v2LONG SOCKET HEAD CAP SCREW-12" uid="M3 x 0.5mm Thread 3mm_v2LONG SOCKET HEAD CAP SCREW-12" entityUid="M3 x 0.5mm Thread 3mm_v2LONG SOCKET HEAD CAP SCREW*:*Default">
<Transform>
<Rotation>0 -3.8860598108177946e-16 1.0000000000000002 -0.10168537514935 0.99481660846647313 4.0245584642661925e-16 -0.99481660846647313 -0.10168537514934999 0</Rotation>
<Translation>-0.20132020311065571 -0.21948017012499968 -0.024444596423262278</Translation>
</Transform>
</Instance>
<Instance name="M3 NUT_Default_sldprt.step-4" uid="M3 NUT_Default_sldprt.step-4" entityUid="M3 NUT_Default_sldprt.step*:*Default">
<Transform>
<Rotation>0.54936285044858102 0 -0.83558390275723393 0.83558390275723393 0 0.54936285044858102 0 -1 0</Rotation>
<Translation>-0.19482020311065573 -0.25173017012499943 -0.0098679901819209714</Translation>
</Transform>
</Instance>
<Instance name="Tru dong M3 - 35mm_Default_sldprt.step-6" uid="Tru dong M3 - 35mm_Default_sldprt.step-6" entityUid="Tru dong M3 - 35mm_Default_sldprt.step*:*Default">
<Transform>
<Rotation>0.57065996270009489 0 -0.82118646297362119 -0.82118646297362119 -1.2010682576764587e-16 -0.57065996270009489 -1.1227768305517042e-16 1 0</Rotation>
<Translation>-0.044820203110655779 -0.25173017012499943 -0.0068679901819209688</Translation>
</Transform>
</Instance>
<Instance name="M3 x 0.5mm Thread 3mm-2" uid="M3 x 0.5mm Thread 3mm-2" entityUid="M3 x 0.5mm Thread 3mm*:*Default">
<Transform>
<Rotation>0.030749740619532451 -0.99952711491576451 0 -0.99952711491576451 -0.030749740619532451 2.3860430906710565e-16 -2.3827613900064157e-16 0 -1</Rotation>
<Translation>-0.14232020311065566 -0.23673017012499933 -0.0033679901819209726</Translation>
</Transform>
</Instance>
<Instance name="Tru dong M3 - 5mm_Default_sldprt.step-3" uid="Tru dong M3 - 5mm_Default_sldprt.step-3" entityUid="Tru dong M3 - 5mm_Default_sldprt.step*:*Default">
<Transform>
<Rotation>0.99935100576814773 0 -0.03602176106455246 -0.03602176106455246 -1.2010682576764552e-16 -0.99935100576814773 0 1 -1.1916740089502442e-16</Rotation>
<Translation>-0.097320203110655784 -0.2367301701249995 -0.0068679901819209688</Translation>
</Transform>
</Instance>
<Instance name="Tru dong M3 - 5mm_Default_sldprt.step-4" uid="Tru dong M3 - 5mm_Default_sldprt.step-4" entityUid="Tru dong M3 - 5mm_Default_sldprt.step*:*Default">
<Transform>
<Rotation>0.99409376030613705 0 0.10852463186025912 0.10852463186025912 -1.2010682576764552e-16 -0.99409376030613705 0 1 -1.2199286029736981e-16</Rotation>
<Translation>-0.097320203110655812 -0.18673017012499951 -0.0068679901819209688</Translation>
</Transform>
</Instance>
<Instance name="Floor_2-1" uid="Floor_2-1" entityUid="Floor_2" rigid="true">
<Transform>
<Rotation>1 0 0 0 1 0 0 0 1</Rotation>
<Translation>-0.09099825070186715 0.020289368751023801 0.073757629291276439</Translation>
</Transform>
<Instance name="Tru dong M3 - 5mm_Default_sldprt.step-4" uid="Tru dong M3 - 5mm_Default_sldprt.step-4" entityUid="Tru dong M3 - 5mm_Default_sldprt.step*:*Default">
<Transform>
<Rotation>-0.58745971559673527 0 -0.80925341058966371 -0.80925341058966371 0 0.58745971559673527 0 1 0</Rotation>
<Translation>-0.016451952408788648 -0.25031953887602337 -0.027625619473197412</Translation>
</Transform>
</Instance>
<Instance name="Mega-2" uid="Mega-2" entityUid="Mega*:*Default">
<Transform>
<Rotation>1.0000000000000002 0 -5.0653925498522767e-16 -5.0653925498522767e-16 0 -1.0000000000000002 0 1 0</Rotation>
<Translation>-0.06244195240878863 -0.22618953887602322 -0.022625619473197408</Translation>
</Transform>
</Instance>
<Instance name="Tru dong M3 - 5mm_Default_sldprt.step-6" uid="Tru dong M3 - 5mm_Default_sldprt.step-6" entityUid="Tru dong M3 - 5mm_Default_sldprt.step*:*Default">
<Transform>
<Rotation>0.23811308411870022 0 -0.97123743707266597 -0.97123743707266597 0 -0.23811308411870022 0 1 0</Rotation>
<Translation>0.0011780475912113418 -0.23979953887602334 -0.027625619473197416</Translation>
</Transform>
</Instance>
<Instance name="Tru dong M3 - 5mm_Default_sldprt.step-1" uid="Tru dong M3 - 5mm_Default_sldprt.step-1" entityUid="Tru dong M3 - 5mm_Default_sldprt.step*:*Default">
<Transform>
<Rotation>-0.26169641226700502 0 -0.96515024105399161 -0.96515024105399161 -1.2010682576765107e-16 0.26169641226700502 -1.0966254721360199e-16 1 0</Rotation>
<Translation>-0.023071952408788635 -0.20201953887602342 -0.027625619473197412</Translation>
</Transform>
</Instance>
<Instance name="Tru dong M3 - 5mm_Default_sldprt.step-3" uid="Tru dong M3 - 5mm_Default_sldprt.step-3" entityUid="Tru dong M3 - 5mm_Default_sldprt.step*:*Default">
<Transform>
<Rotation>-0.98931708148886799 0 -0.14577967030539138 -0.14577967030539138 0 0.98931708148886799 0 1 0</Rotation>
<Translation>-0.099001952408788618 -0.25031953887602337 -0.027625619473197412</Translation>
</Transform>
</Instance>
<Instance name="Tru dong M3 - 5mm_Default_sldprt.step-5" uid="Tru dong M3 - 5mm_Default_sldprt.step-5" entityUid="Tru dong M3 - 5mm_Default_sldprt.step*:*Default">
<Transform>
<Rotation>-0.58745971559673527 0 -0.80925341058966371 -0.80925341058966371 0 0.58745971559673527 0 1 0</Rotation>
<Translation>-0.098001952408788631 -0.20201953887602342 -0.027625619473197412</Translation>
</Transform>
</Instance>
<Instance name="Tru dong M3 - 5mm_Default_sldprt.step-7" uid="Tru dong M3 - 5mm_Default_sldprt.step-7" entityUid="Tru dong M3 - 5mm_Default_sldprt.step*:*Default">
<Transform>
<Rotation>-0.13236833200134215 0 -0.99120059760029522 -0.99120059760029522 0 0.13236833200134215 0 1 0</Rotation>
<Translation>0.0011780475912120565 -0.22423953887602344 -0.027625619473197412</Translation>
</Transform>
</Instance>
<Instance name="MPU60503-2" uid="MPU60503-2" entityUid="MPU60503*:*Default">
<Transform>
<Rotation>0.0065451668518395024 0 -0.99997858016603614 -0.99997858016603614 0 -0.0065451668518395024 0 1 0</Rotation>
<Translation>0.022890575761776506 -0.22462943622876336 -0.033012486213215703</Translation>
</Transform>
</Instance>
<Instance name="Part2-1" uid="Part2-1" grounded="true" entityUid="Part2*:*Default">
<Transform>
<Rotation>1 0 0 0 1 0 0 0 1</Rotation>
<Translation>-0.028821952408788667 -0.23201953887602333 -0.030625619473197412</Translation>
</Transform>
</Instance>
<Instance name="switch-1" uid="switch-1" entityUid="switch*:*Default">
<Transform>
<Rotation>1 0 0 0 1 0 0 0 1</Rotation>
<Translation>0.036228047591211336 -0.21201953887602332 -0.016925619473197411</Translation>
</Transform>
</Instance>
</Instance>
<Instance name="M3 NUT_Default_sldprt.step-10" uid="M3 NUT_Default_sldprt.step-10" entityUid="M3 NUT_Default_sldprt.step*:*Default">
<Transform>
<Rotation>0.52310975337510657 0 -0.85226532601287708 0.85226532601287708 0 0.52310975337510657 0 -1 0</Rotation>
<Translation>-0.044320203110655779 -0.2267301701249996 -0.011367990181920973</Translation>
</Transform>
</Instance>
<Instance name="Tru dong M3 - 35mm_Default_sldprt.step-5" uid="Tru dong M3 - 35mm_Default_sldprt.step-5" entityUid="Tru dong M3 - 35mm_Default_sldprt.step*:*Default">
<Transform>
<Rotation>0.57065996270009489 0 -0.82118646297362119 -0.82118646297362119 -1.2010682576764587e-16 -0.57065996270009489 -1.1227768305517042e-16 1 0</Rotation>
<Translation>-0.044820203110655793 -0.17173017012499961 -0.006867990181921392</Translation>
</Transform>
</Instance>
<Instance name="Tru dong M3 - 35mm_Default_sldprt.step-7" uid="Tru dong M3 - 35mm_Default_sldprt.step-7" entityUid="Tru dong M3 - 35mm_Default_sldprt.step*:*Default">
<Transform>
<Rotation>0.57065996270009489 0 -0.82118646297362119 -0.82118646297362119 -1.2010682576764587e-16 -0.57065996270009489 -1.1227768305517042e-16 1 0</Rotation>
<Translation>-0.19482020311065584 -0.25173017012499943 -0.0068679901819209688</Translation>
</Transform>
</Instance>
<Instance name="Tru dong M3 - 5mm_Default_sldprt.step-1" uid="Tru dong M3 - 5mm_Default_sldprt.step-1" entityUid="Tru dong M3 - 5mm_Default_sldprt.step*:*Default">
<Transform>
<Rotation>0.96959389423793729 0 0.24471959516252809 0.24471959516252809 -1.201068257676456e-16 -0.96959389423793729 0 1 -1.2230742151214196e-16</Rotation>
<Translation>-0.14232020311065582 -0.23673017012499956 -0.0068679901819209688</Translation>
</Transform>
</Instance>
<Instance name="Tru dong M3 - 35mm_Default_sldprt.step-8" uid="Tru dong M3 - 35mm_Default_sldprt.step-8" entityUid="Tru dong M3 - 35mm_Default_sldprt.step*:*Default">
<Transform>
<Rotation>0.57065996270009489 0 -0.82118646297362119 -0.82118646297362119 -1.2010682576764587e-16 -0.57065996270009489 -1.1227768305517042e-16 1 0</Rotation>
<Translation>-0.19482020311065582 -0.1717301701249995 -0.0068679901819209688</Translation>
</Transform>
</Instance>
<Instance name="M3 NUT_Default_sldprt.step-8" uid="M3 NUT_Default_sldprt.step-8" entityUid="M3 NUT_Default_sldprt.step*:*Default">
<Transform>
<Rotation>-0.6465220665957041 0 -0.76289528600248924 0.76289528600248924 0 -0.6465220665957041 0 -1 0</Rotation>
<Translation>-0.17132020311065579 -0.22673017012499949 -0.011367990181920994</Translation>
</Transform>
</Instance>
<Instance name="Tru dong M3 - 35mm_Default_sldprt.step-12" uid="Tru dong M3 - 35mm_Default_sldprt.step-12" entityUid="Tru dong M3 - 35mm_Default_sldprt.step*:*Default">
<Transform>
<Rotation>0.57065996270009489 0 -0.82118646297362119 -0.82118646297362119 -1.2010682576764587e-16 -0.57065996270009489 -1.1227768305517042e-16 1 0</Rotation>
<Translation>-0.044820203110655807 -0.1717301701249995 0.046132009818079044</Translation>
</Transform>
</Instance>
<Instance name="Floor_1-1" uid="Floor_1-1" entityUid="Floor_1" rigid="true">
<Transform>
<Rotation>1 0 0 0 1 0 0 0 1</Rotation>
<Translation>-0.11957919562069966 -0.011370828883007861 0.050487307570166506</Translation>
</Transform>
<Instance name="Tru dong M3 - 5mm_Default_sldprt.step-2" uid="Tru dong M3 - 5mm_Default_sldprt.step-2" entityUid="Tru dong M3 - 5mm_Default_sldprt.step*:*Default">
<Transform>
<Rotation>1 0 0 0 0 -0.99999999999999989 0 0.99999999999999989 0</Rotation>
<Translation>-0.00024100748995615519 -0.18135934124199171 0.045644702247912505</Translation>
</Transform>
</Instance>
<Instance name="Tru dong M3 - 5mm_Default_sldprt.step-1" uid="Tru dong M3 - 5mm_Default_sldprt.step-1" entityUid="Tru dong M3 - 5mm_Default_sldprt.step*:*Default">
<Transform>
<Rotation>1 0 0 0 0 -0.99999999999999989 0 0.99999999999999989 0</Rotation>
<Translation>-0.00024100748995613741 -0.21935934124199169 0.045644702247912512</Translation>
</Transform>
</Instance>
<Instance name="Tru dong M3 - 5mm_Default_sldprt.step-7" uid="Tru dong M3 - 5mm_Default_sldprt.step-7" entityUid="Tru dong M3 - 5mm_Default_sldprt.step*:*Default">
<Transform>
<Rotation>0.98785798723862916 0 0.15535957340583875 0.15535957340583878 0 -0.98785798723862905 0 0.99999999999999989 0</Rotation>
<Translation>-0.075241007489956144 -0.24035934124199182 0.045644702247912512</Translation>
</Transform>
</Instance>
<Instance name="Part1-1" uid="Part1-1" grounded="true" entityUid="Part1*:*Default">
<Transform>
<Rotation>1 0 0 0 1 0 0 0 1</Rotation>
<Translation>-0.00024100748995614305 -0.20035934124199167 0.042644702247912503</Translation>
</Transform>
</Instance>
<Instance name="Tru dong M3 - 5mm_Default_sldprt.step-3" uid="Tru dong M3 - 5mm_Default_sldprt.step-3" entityUid="Tru dong M3 - 5mm_Default_sldprt.step*:*Default">
<Transform>
<Rotation>0.10469424969971312 0 -0.99450445654095188 -0.99450445654095199 0 -0.10469424969971311 0 0.99999999999999989 0</Rotation>
<Translation>0.074758992510043795 -0.16035934124199164 0.045644702247912505</Translation>
</Transform>
</Instance>
<Instance name="Tru dong M3 - 5mm_Default_sldprt.step-4" uid="Tru dong M3 - 5mm_Default_sldprt.step-4" entityUid="Tru dong M3 - 5mm_Default_sldprt.step*:*Default">
<Transform>
<Rotation>0.98785798723862916 0 0.15535957340583875 0.15535957340583878 0 -0.98785798723862905 0 0.99999999999999989 0</Rotation>
<Translation>0.074758992510043851 -0.24035934124199171 0.045644702247912498</Translation>
</Transform>
</Instance>
<Instance name="TATTU 1800mah 4s-1" uid="TATTU 1800mah 4s-1" entityUid="TATTU 1800mah 4s" rigid="true">
<Transform>
<Rotation>-0.99996192306417131 1.7304399290434547e-14 -0.0087265354983767241 -0.0087265354983767241 1.7609084648887942e-14 0.99996192306417131 1.7457406694215645e-14 1 -1.7457406694215692e-14</Rotation>
<Translation>-0.0017547372973457853 -0.20020545719146671 0.045644702247916065</Translation>
</Transform>
<Instance name="NUCLEO-1" uid="NUCLEO-1" entityUid="NUCLEO*:*Predeterminado">
<Transform>
<Rotation>1 0 0 0 1 0 0 0 1</Rotation>
<Translation>0 0 0</Translation>
</Transform>
</Instance>
<Instance name="XT60 Buchse-2" uid="XT60 Buchse-2" entityUid="XT60 Buchse*:*Predeterminado">
<Transform>
<Rotation>-2.9411130674854692e-15 0 1 1 -4.5102810375396038e-16 2.9411130674854534e-15 4.5102810375397931e-16 1 0</Rotation>
<Translation>0.017532973376140855 0.011883261256148178 -0.021693172526161653</Translation>
</Transform>
</Instance>
<Instance name="JST XHP-4-1" uid="JST XHP-4-1" entityUid="JST XHP-4*:*Predeterminado">
<Transform>
<Rotation>0.15281544660317845 0.98695847499541312 -0.050600473458257487 -0.9373344494748308 0.16097492275635433 0.30901651100111388 0.31313187175244062 0.00020707079577034221 0.94970963352726856</Rotation>
<Translation>-0.057484754231943526 0.0092521184455799654 -0.013800251946227138</Translation>
</Transform>
</Instance>
<Instance name="FUNDA-1" visible="false" uid="FUNDA-1" entityUid="FUNDA*:*Predeterminado">
<Transform>
<Rotation>1 0 0 0 1 0 0 0 1</Rotation>
<Translation>0 0.00019999999999999879 0</Translation>
</Transform>
</Instance>
</Instance>
